-104.072 16.106 4.27035 0.00000 -0.58274 175.94904
-104.006 16.9539 4.59496 0.00000 -0.49431 175.65130
-104.031 16.5767 5.45493 0.00000 -0.24990 175.78237
-104.087 15.7885 5.05021 0.00000 -0.21500 176.17109
-104.088 15.7987 4.58988 0.00000 -0.49330 176.15533
-104.149 14.9123 4.53415 0.00000 -0.73515 176.17192
-104.123 15.4852 3.66591 0.00000 -1.13426 176.15839
-104.049 16.5639 3.50947 0.00000 -1.22725 175.79222
-103.957 17.5592 4.14692 0.00000 -0.34571 174.91519
-103.914 18.0072 4.92224 0.00000 -0.15257 174.99708
-103.946 17.6736 5.78396 0.00000 0.06257 175.27651
-104.032 16.611 6.20556 0.00000 0.66515 175.75661
-104.098 15.6389 6.0947 0.00000 0.20954 176.96459
-104.141 14.9249 5.20418 0.00000 -0.63656 176.60349
-104.149 14.8953 4.64117 0.00000 -0.49330 176.15533
-104.197 14.047 4.83798 0.00000 -0.62210 176.66458
-104.163 14.3915 6.0375 0.00000 -0.82294 177.10788
-104.135 15.0864 6.73466 0.00000 0.49722 177.13576
-104.094 15.9032 7.122 0.00000 0.86558 176.71502
-104.03 16.7769 7.14244 0.00000 0.77715 175.54954
-103.962 17.6053 6.75217 0.00000 0.97456 175.83913
-103.881 18.4117 6.19748 0.00000 0.87068 174.66195
-103.831 18.9022 5.29846 0.00000 0.11326 174.33361
-103.836 18.8408 4.37003 0.00000 -0.50835 174.38107
-103.899 18.3014 3.462 0.00000 -1.23811 174.79386
-104.02 17.0872 2.7043 0.00000 -0.93566 175.11129
-104.097 16.2076 2.5052 0.00000 -1.28090 175.31754
-104.157 15.24 2.85337 0.00000 -1.32050 176.27862
-104.189 14.5264 3.4797 0.00000 -1.10391 176.37007
-104.208 13.9685 4.25475 0.00000 -0.71115 176.70699
