-26.018 4.0265 1.0675875 -0.997439 0.0706392 0.0101704
-26.0015 4.238475 1.14874 -0.997084 0.0758235 0.00862715
-26.00775 4.144175 1.3637325 -0.997271 0.0735435 0.00436152
-26.02175 3.947125 1.2625525 -0.997761 0.0667769 0.00375242
-26.022 3.949675 1.14747 -0.997701 0.0670486 0.00860949
-26.03725 3.728075 1.1335375 -0.997686 0.0667573 0.0128305
-26.03075 3.8713 0.9164775 -0.997556 0.0669853 0.0197953
-26.01225 4.140975 0.8773675 -0.997076 0.0733568 0.021418
-25.98925 4.3898 1.03673 -0.996046 0.0886285 0.00603377
-25.9785 4.5018 1.23056 -0.996187 0.0872062 0.00266276
-25.9865 4.4184 1.44599 -0.996581 0.0823452 -0.00109205
-26.008 4.15275 1.55139 -0.997176 0.0739873 -0.0116087
-26.0245 3.909725 1.523675 -0.99859 0.0529528 -0.00365714
-26.03525 3.731225 1.301045 -0.998182 0.0592419 0.0111098
-26.03725 3.723825 1.1602925 -0.997701 0.0670486 0.00860942
-26.04925 3.51175 1.209495 -0.998247 0.0581777 0.0108575
-26.04075 3.597875 1.509375 -0.998623 0.0504504 0.0143626
-26.03375 3.7716 1.683665 -0.998666 0.0499654 -0.00867763
-26.0235 3.9758 1.7805 -0.998243 0.0572957 -0.0151066
-26.0075 4.194225 1.78561 -0.996893 0.07759 -0.0135634
-25.9905 4.401325 1.6880425 -0.99722 0.0725465 -0.0170084
-25.97025 4.602925 1.54937 -0.995501 0.0930167 -0.015195
-25.95775 4.72555 1.324615 -0.995112 0.0987358 -0.00197678
-25.959 4.7102 1.0925075 -0.995131 0.0979054 0.00887203
-25.97475 4.57535 0.8655 -0.995642 0.0907181 0.0216074
-26.005 4.2718 0.676075 -0.996229 0.0852092 0.0163296
-26.02425 4.0519 0.6263 -0.996399 0.0816118 0.0223537
-26.03925 3.81 0.7133425 -0.997624 0.0648872 0.0230449
-26.04725 3.6316 0.869925 -0.997809 0.0633001 0.0192656
-26.052 3.492125 1.0636875 -0.99827 0.0574377 0.0124116
